3
5 3 3
0 1 1 0 1 
1 1 0 1 1 
0 1 1 0 0 
0 0 1 0 0 
1 0 1 0 0 
10 8 6
0 1 1 1 1 0 0 0 1 1 
1 1 1 1 1 0 1 0 1 1 
1 1 0 1 0 1 0 1 1 0 
1 0 0 1 1 1 0 1 0 1 
0 1 1 0 0 1 0 0 0 0 
1 1 1 0 1 1 0 1 0 1 
0 0 1 1 1 1 1 0 0 0 
1 1 0 0 1 0 1 0 1 1 
1 1 0 0 1 0 1 0 1 1 
1 1 0 1 0 0 1 1 0 0 
20 12 16
1 0 0 0 0 1 1 0 1 0 0 0 0 1 1 1 0 1 1 1 
0 0 0 0 1 1 0 1 1 1 0 1 1 0 1 1 0 0 0 0 
1 1 1 1 0 1 1 1 0 0 0 0 0 0 0 1 1 0 0 1 
0 0 1 1 1 1 0 0 0 0 1 0 0 1 1 0 1 1 1 1 
1 1 0 0 1 0 0 0 1 0 1 1 0 0 1 1 0 1 1 1 
0 1 0 0 0 1 1 0 1 0 1 1 1 1 0 0 1 0 0 0 
0 0 0 1 0 0 1 1 1 0 1 0 0 1 1 1 0 1 1 1 
0 0 1 1 1 1 0 0 0 1 0 1 1 0 1 1 1 0 1 0 
1 1 0 1 0 1 0 0 0 0 0 1 1 1 0 0 1 1 1 0 
1 0 0 1 1 1 1 1 0 0 0 0 1 1 0 0 1 0 1 1 
0 0 0 0 0 0 0 1 0 0 0 1 0 1 0 1 1 0 1 1 
0 0 0 1 0 1 1 0 1 1 0 0 1 0 1 1 0 0 1 1 
1 1 1 1 1 1 0 1 1 1 1 1 0 0 1 0 1 1 1 0 
1 0 0 1 0 1 1 0 0 1 1 0 1 0 0 0 0 0 0 0 
0 1 1 1 0 0 1 1 1 1 0 1 0 0 1 0 1 1 0 1 
1 0 0 0 1 0 0 1 0 1 1 0 0 1 0 0 1 0 0 1 
0 0 0 1 0 0 0 0 0 1 0 1 0 0 0 1 0 0 0 0 
1 1 1 1 1 1 1 1 1 0 0 0 1 1 1 0 1 0 0 0 
0 1 0 1 0 1 1 1 1 0 0 1 0 0 0 0 0 0 0 1 
1 0 1 0 1 0 0 1 1 1 1 0 1 0 0 1 0 1 0 1
